Airfoil1a
START	0.000000
5.33156970	-0.91006656	9.24867727
5.40892746	-0.77632912	9.30669559
5.41979597	-0.68044230	9.31484697
5.41779973	-0.59187906	9.31334980
5.40819390	-0.50764776	9.30614543
5.39311158	-0.42653409	9.29483368
5.37371560	-0.34787607	9.28028670
5.35074696	-0.27125188	9.26306022
5.32472537	-0.19636566	9.24354403
5.29603882	-0.12299653	9.22202912
5.26499577	-0.05096889	9.19874683
5.23205937	0.01998091	9.17404453
5.19753243	0.09002525	9.14814932
5.16157367	0.15925450	9.12118025
5.12431183	0.22774194	9.09323387
5.08585000	0.29554625	9.06438750
5.04626855	0.36271320	9.03470141
5.00562742	0.42927689	9.00422056
4.96396763	0.49526069	8.97297573
4.92131259	0.56067791	8.94098444
4.87766892	0.62553234	8.90825169
4.83302729	0.68981865	8.87477047
4.78736289	0.75352272	8.84052217
4.74063595	0.81662192	8.80547696
4.69279204	0.87908525	8.76959403
END	0.000000
Airfoil1b
START	0.000000
4.69279204	0.87908525	8.76959403
4.67503029	0.86897394	8.75627272
4.68870553	0.78705926	8.76652915
4.70295865	0.70547354	8.77721899
4.71773525	0.62418583	8.78830143
4.73299553	0.54317347	8.79974665
4.74871472	0.46242235	8.81153604
4.76488344	0.38192714	8.82366258
4.78150836	0.30169163	8.83613127
4.79861285	0.22172913	8.84895964
4.81623796	0.14206300	8.86217847
4.83444359	0.06272736	8.87583270
4.85331016	-0.01623204	8.88998262
4.87294073	-0.09475651	8.90470555
4.89346404	-0.17277276	8.92009803
4.91503882	-0.25019044	8.93627912
4.93775225	-0.32695992	8.95331418
4.96162273	-0.40307071	8.97121705
4.98694527	-0.47835489	8.99020895
5.01410783	-0.55259159	9.01058087
5.04363014	-0.62548495	9.03272260
5.07625318	-0.69661313	9.05718989
5.11313981	-0.76531417	9.08485486
5.15642311	-0.83037374	9.11731733
5.21135823	-0.88880023	9.15851867
5.33156970	-0.91006656	9.24867727
END	0.000000
Airfoil2a
START	0.000000
5.79166407	-0.85194654	8.52965836
5.88029941	-0.74458783	8.60843560
5.89007710	-0.65796940	8.63392933
5.88459693	-0.57536392	8.64911345
5.87009162	-0.49513214	8.65819935
5.84909108	-0.41660867	8.66289647
5.82297446	-0.33943077	8.66413669
5.79262057	-0.26336730	8.66251383
5.75864583	-0.18825616	8.65844439
5.72151039	-0.11397631	8.65223928
5.68158009	-0.04043153	8.64414571
5.63940424	0.03252265	8.63453484
5.59534197	0.10498068	8.62364932
5.54958153	0.17699208	8.61161637
5.50227563	0.24859701	8.59853916
5.45354649	0.31982761	8.58450028
5.40348948	0.39070897	8.56956417
5.35217565	0.46125978	8.55377884
5.29965368	0.53149283	8.53717717
5.24595131	0.60141543	8.51977792
5.19107642	0.67102964	8.50158640
5.13501791	0.74033256	8.48259513
5.07774639	0.80931644	8.46278422
5.01921465	0.87796887	8.44212181
4.95935819	0.94627288	8.42056428
END	0.000000
Airfoil2b
START	0.000000
4.95935819	0.94627288	8.42056428
4.93829238	0.94073238	8.40633028
4.95762409	0.86176999	8.40050554
4.97764118	0.78298786	8.39514391
4.99827912	0.70436901	8.39020178
5.01949074	0.62590105	8.38564728
5.04124661	0.54757623	8.38146053
5.06353565	0.46939164	8.37763404
5.08636573	0.39134936	8.37417313
5.10976461	0.31345666	8.37109654
5.13378094	0.23572637	8.36843717
5.15848580	0.15817716	8.36624303
5.18397454	0.08083412	8.36457855
5.21036940	0.00372940	8.36352633
5.23782306	-0.07309685	8.36318953
5.26652380	-0.14959510	8.36369537
5.29657498	-0.22573818	8.36511370
5.32799848	-0.30152032	8.36745929
5.36114412	-0.37684953	8.37096852
5.39647208	-0.45160476	8.37595232
5.43459875	-0.52562391	8.38282720
5.47640295	-0.59867584	8.39218695
5.52326386	-0.67039780	8.40496348
5.57771135	-0.74012443	8.42286620
5.64597815	-0.80621645	8.45010653
5.79166407	-0.85194654	8.52965836
END	0.000000
Airfoil3a
START	0.000000
6.18063028	-0.63837221	7.79116169
6.28910500	-0.55611868	7.87824391
6.30302537	-0.48022927	7.91456771
6.29865079	-0.40557124	7.94107046
6.28345461	-0.33164158	7.96176399
6.26047031	-0.25823610	7.97827672
6.23135157	-0.18524351	7.99149637
6.19715213	-0.11259289	8.00198862
6.15861111	-0.04023449	8.01015023
6.11628025	0.03186884	8.01627738
6.07059820	0.10374660	8.02060556
6.02222362	0.17544314	8.02348835
5.97158713	0.24698744	8.02515690
5.91891446	0.31839470	8.02573238
5.86438868	0.38967722	8.02531310
5.80815638	0.46084489	8.02397772
5.75033189	0.53190539	8.02178762
5.69100041	0.60286446	8.01878855
5.63022032	0.67372603	8.01501184
5.56802485	0.74449233	8.01047533
5.50442348	0.81516401	8.00518410
5.43940290	0.88574016	7.99913102
5.37292784	0.95621842	7.99229715
5.30494173	1.02659498	7.98465212
5.23536719	1.09686463	7.97615439
END	0.000000
Airfoil3b
START	0.000000
5.23536719	1.09686463	7.97615439
5.21010821	1.09516453	7.96259493
5.23109150	1.02162437	7.94500802
5.25289658	0.94813953	7.92786227
5.27544611	0.87470479	7.91111615
5.29868350	0.80131635	7.89473928
5.32257348	0.72797183	7.87871274
5.34710275	0.65467035	7.86302938
5.37228076	0.58141252	7.84769428
5.39814079	0.50820060	7.83272529
5.42474118	0.43503852	7.81815374
5.45216714	0.36193199	7.80402538
5.48053302	0.28888873	7.79040157
5.50998537	0.21591860	7.77736101
5.54070730	0.14303392	7.76500197
5.57292452	0.07024988	7.75344564
5.60676101	-0.00242517	7.74275855
5.64224295	-0.07498947	7.73295478
5.67978985	-0.14741479	7.72425951
5.71995345	-0.21966398	7.71696893
5.76347285	-0.29168731	7.71147980
5.81140180	-0.36341384	7.70835780
5.86539400	-0.43473228	7.70849065
5.92848289	-0.50543845	7.71350677
6.00814186	-0.57502935	7.72741799
6.18063028	-0.63837221	7.79116169
END	0.000000
Airfoil4a
START	0.000000
6.51020135	-0.30321440	7.04297616
6.64290374	-0.24103017	7.13031326
6.66400783	-0.17497423	7.17229402
6.66351919	-0.10816915	7.20549896
6.65025832	-0.04092097	7.23351293
6.62780546	0.02664611	7.25779106
6.59811239	0.09446439	7.27912658
6.56242281	0.16249070	7.29802497
6.52160904	0.23069478	7.31484076
6.47632230	0.29905405	7.32983862
6.42708030	0.36755054	7.34322897
6.37466043	0.43615729	7.35532775
6.31957092	0.50485664	7.36634153
6.26207819	0.57363938	7.37637857
6.20239833	0.64249799	7.38552671
6.14070434	0.71142649	7.39385626
6.07713115	0.78042017	7.40142205
6.01177934	0.84947557	7.40826496
5.94471778	0.91859028	7.41441300
5.87598572	0.98776294	7.41988210
5.80559434	1.05699318	7.42467681
5.73352793	1.12628152	7.42879074
5.65974486	1.19562942	7.43220698
5.58417836	1.26503920	7.43489839
5.50673712	1.33451402	7.43682786
END	0.000000
Airfoil4b
START	0.000000
5.50673712	1.33451402	7.43682786
5.47692507	1.33554830	7.42471150
5.49701621	1.26806315	7.39947351
5.51807730	1.20054435	7.37462974
5.54001701	1.13299506	7.35014306
5.56276857	1.06541762	7.32598633
5.58629036	0.99781345	7.30214265
5.61056668	0.93018310	7.27860562
5.63560868	0.86252619	7.25537979
5.66145562	0.79484135	7.23248110
5.68817639	0.72712620	7.20993756
5.71587155	0.65937724	7.18779004
5.74467604	0.59158980	7.16609338
5.77476285	0.52375786	7.14491788
5.80634808	0.45587395	7.12435138
5.83969815	0.38792880	7.10450216
5.87495936	0.31991735	7.08542967
5.91216263	0.25183853	7.06714648
5.95180307	0.18367515	7.04985382
5.99453189	0.11540462	7.03381635
6.04122142	0.04699668	7.01938861
6.09311534	-0.02159181	7.00707608
6.15216544	-0.09042858	6.99767199
6.22195197	-0.15963783	6.99263145
6.31129542	-0.22952557	6.99553933
6.51020135	-0.30321440	7.04297616
END	0.000000
Airfoil5a
START	0.000000
6.79335812	0.13002047	6.28627213
6.95195384	0.17942257	6.37046454
6.98155244	0.23780923	6.41480592
6.98619188	0.29793427	6.45143668
6.97606782	0.35908758	6.48350656
6.95531869	0.42098092	6.51229404
6.92620055	0.48345715	6.53849608
6.89015102	0.54641615	6.56255682
6.84817840	0.60978769	6.58478774
6.80103545	0.67351934	6.60542138
6.74932059	0.73756942	6.62464263
6.69393242	0.80187534	6.64272909
6.63545839	0.86639619	6.65986223
6.57420647	0.93111052	6.67613720
6.51042643	0.99600093	6.69163116
6.44431824	1.06105349	6.70640589
6.37603788	1.12625735	6.72050957
6.30570159	1.19160440	6.73397811
6.23338900	1.25708909	6.74683611
6.15914548	1.32270827	6.75909759
6.08298393	1.38846105	6.77076654
6.00488620	1.45434867	6.78183734
5.92480418	1.52037451	6.79229514
5.84266068	1.58654392	6.80211608
5.75835015	1.65286426	6.81126757
END	0.000000
Airfoil5b
START	0.000000
5.75835015	1.65286426	6.81126757
5.72389023	1.65526437	6.80062188
5.74190944	1.59356117	6.77099105
5.76104982	1.53177988	6.74170657
5.78120580	1.46992785	6.71273585
5.80230020	1.40801046	6.68405504
5.82428492	1.34603107	6.65564927
5.84714180	1.28399093	6.62751293
5.87088374	1.22188914	6.59965002
5.89555611	1.15972255	6.57207455
5.92123855	1.09748561	6.54481111
5.94804728	1.03517023	6.51789562
5.97613830	0.97276553	6.49137627
6.00571157	0.91025760	6.46531482
6.03701686	0.84762903	6.43978846
6.07036214	0.78485838	6.41489230
6.10591652	0.72193387	6.39067860
6.14371574	0.65885300	6.36715839
6.18433210	0.59557593	6.34450849
6.22851834	0.53205021	6.32296142
6.27728277	0.46820563	6.30282870
6.33206300	0.40394205	6.28455443
6.39511510	0.33910234	6.26883559
6.47057750	0.27339826	6.25695066
6.56864585	0.20611970	6.25204937
6.79335812	0.13002047	6.28627213
END	0.000000
Airfoil6a
START	0.000000
7.04000490	0.64420380	5.52031264
7.22430934	0.69036535	5.60219995
7.26245981	0.74418508	5.64743209
7.27233151	0.79948657	5.68557196
7.26547613	0.85566453	5.71951670
7.24658253	0.91247327	5.75044227
7.21820683	0.96977885	5.77898976
7.18197784	1.02749593	5.80556765
7.13903800	1.08556465	5.83046247
7.09024015	1.14394031	5.85388810
7.03626233	1.20258740	5.87601462
6.97812262	1.26145256	5.89709733
6.91648665	1.32050092	5.91730319
6.85170331	1.37971419	5.93671970
6.78405562	1.43907755	5.95541783
6.71377012	1.49857913	5.97345440
6.64102355	1.55820966	5.99087374
6.56594761	1.61796225	6.00770888
6.48863252	1.67783216	6.02398245
6.40912968	1.73781671	6.03970732
6.32745370	1.79791513	6.05488719
6.24358404	1.85812849	6.06951687
6.15746616	1.91845966	6.08358271
6.06901263	1.97891320	6.09706277
5.97810385	2.03949540	6.10992706
END	0.000000
Airfoil6b
START	0.000000
5.97810385	2.03949540	6.10992706
5.93906070	2.04154119	6.10013510
5.95486130	1.98489452	6.06843380
5.97193217	1.92818129	6.03705109
5.99015374	1.87140776	6.00595697
6.00943853	1.81457853	5.97512950
6.02973205	1.75769643	5.94455503
6.05101373	1.70076256	5.91422838
6.07329820	1.64377615	5.88415322
6.09663684	1.58673450	5.85434245
6.12111988	1.52963289	5.82481870
6.14687902	1.47246441	5.79561499
6.17409100	1.41521980	5.76677565
6.20298236	1.35788720	5.73835749
6.23383611	1.30045177	5.71043150
6.26700117	1.24289524	5.68308519
6.30266914	1.18520755	5.65636659
6.34088053	1.12738660	5.63028589
6.38228374	1.06939840	5.60500568
6.42773162	1.01119827	5.58073988
6.47836661	0.95272634	5.55777499
6.53581751	0.89389727	5.53651952
6.60264044	0.83457712	5.51761454
6.68352428	0.77452021	5.50223601
6.79002069	0.71312125	5.49328108
7.04000490	0.64420380	5.52031264
END	0.000000
Airfoil7a
START	0.000000
7.25504152	1.22474870	4.74383972
7.46282007	1.27981271	4.82787830
7.50851390	1.33310008	4.87415875
7.52284659	1.38604369	4.91313354
7.51862895	1.43878397	4.94778697
7.50106092	1.49137791	4.97933039
7.47297726	1.54385659	5.00842416
7.43618429	1.59623981	5.03548907
7.39194899	1.64854145	5.06082026
7.34121716	1.70077187	5.08463808
7.28474074	1.75293934	5.10711767
7.22364880	1.80505621	5.12852206
7.15867950	1.85713057	5.14902321
7.09021977	1.90916668	5.16871125
7.01858347	1.96116797	5.18765931
6.94402184	2.01313720	5.20592590
6.86673089	2.06507651	5.22355668
6.78685667	2.11698750	5.24058568
6.70449923	2.16887128	5.25703621
6.61971557	2.22072846	5.27292155
6.53252191	2.27255922	5.28824547
6.44289545	2.32436332	5.30300266
6.35077572	2.37614009	5.31717904
6.25606575	2.42788846	5.33075201
6.15863292	2.47960699	5.34369069
END	0.000000
Airfoil7b
START	0.000000
6.15863292	2.47960699	5.34369069
6.11533407	2.47913239	5.33360409
6.12947196	2.42650084	5.30126161
6.14501858	2.37388474	5.26924730
6.16184131	2.32128263	5.23753026
6.17984317	2.26869344	5.20608791
6.19896371	2.21611652	5.17490615
6.21918012	2.16355160	5.14397968
6.24050860	2.11099888	5.11331228
6.26300618	2.05845897	5.08291721
6.28677289	2.00593297	5.05281779
6.31195480	1.95342249	5.02304805
6.33874790	1.90092966	4.99365364
6.36740344	1.84845725	4.96469309
6.39823527	1.79600870	4.93623952
6.43163033	1.74358824	4.90838306
6.46780113	1.69119820	4.88117321
6.50679258	1.63883908	4.85462044
6.54932375	1.58651877	4.82889226
6.59634046	1.53424762	4.80420900
6.64910968	1.48203952	4.78086581
6.70943774	1.42991428	4.75928347
6.78015938	1.37790296	4.74012234
6.86647456	1.32606257	4.72459378
6.98119408	1.27453352	4.71568209
7.25504152	1.22474870	4.74383972
END	0.000000
Airfoil8a
START	0.000000
7.43593767	1.85561500	3.95361397
7.66186576	1.93347288	4.04638806
7.71303698	1.99096024	4.09506396
7.73039518	2.04450620	4.13520747
7.72775274	2.09572078	4.17030401
7.71071616	2.14525750	4.20176833
7.68234180	2.19347264	4.23037168
7.64457723	2.24059321	4.25660549
7.59878846	2.28677845	4.28081448
7.54599525	2.33214720	4.30325596
7.48700833	2.37679399	4.32413453
7.42304504	2.42086071	4.34375735
7.35490124	2.46444013	4.36232526
7.28299412	2.50758088	4.37994354
7.20766209	2.55032240	4.39669757
7.12917602	2.59269628	4.41265571
7.04774724	2.63472713	4.42787129
6.96353322	2.67643333	4.44238403
6.87664184	2.71782744	4.45622118
6.78713456	2.75891662	4.46939822
6.69502886	2.79970292	4.48191958
6.60030015	2.84018348	4.49377905
6.50288325	2.88035068	4.50496018
6.40267360	2.92019234	4.51543659
6.29952819	2.95969180	4.52517218
END	0.000000
Airfoil8b
START	0.000000
6.29952819	2.95969180	4.52517218
6.25284415	2.95425008	4.51339192
6.26618241	2.90428226	4.48099436
6.28103956	2.85449149	4.44898008
6.29727258	2.80486109	4.41731299
6.31477692	2.75537889	4.38596670
6.33348739	2.70603728	4.35492477
6.35337941	2.65683340	4.32418099
6.37447046	2.60776928	4.29373977
6.39682199	2.55885209	4.26361663
6.42054189	2.51009440	4.23383878
6.44578763	2.46151457	4.20444596
6.47277052	2.41313724	4.17549149
6.50176146	2.36499397	4.14704373
6.53309884	2.31712421	4.11918808
6.56719986	2.26957660	4.09202980
6.60429362	2.22237784	4.06562672
6.64442855	2.17553357	4.03999104
6.68837996	2.12913416	4.01531841
6.73716760	2.08329849	3.99186616
6.79215748	2.03818579	3.96997898
6.85529717	1.99402307	3.95014833
6.92964304	1.95116659	3.93314545
7.02080158	1.91026989	3.92038509
7.14258518	1.87294299	3.91535265
7.43593767	1.85561500	3.95361397
END	0.000000
Airfoil9a
START	0.000000
7.57238107	2.51417615	3.14212684
7.80786441	2.62701277	3.24928634
7.86172878	2.69321754	3.30200380
7.88045239	2.75039970	3.34418747
7.87839001	2.80224491	3.38014033
7.86136828	2.85024922	3.41160899
7.83256358	2.89522817	3.43954559
7.79399994	2.93770146	3.46455685
7.74709703	2.97803357	3.48706833
7.69291463	3.01649664	3.50739771
7.63229531	3.05330698	3.52579757
7.56650422	3.08878944	3.54264713
7.49636846	3.12315637	3.55819434
7.42232162	3.15651911	3.57256917
7.34471537	3.18896795	3.58587703
7.26383124	3.22057517	3.59820231
7.17988885	3.25139716	3.60961084
7.09305185	3.28147595	3.62015170
7.00343236	3.31084031	3.62985847
6.91109425	3.33950665	3.63875031
6.81605569	3.36747962	3.64683266
6.71829112	3.39475268	3.65409787
6.61773281	3.42130843	3.66052562
6.51427208	3.44711897	3.66608335
6.40776033	3.47214613	3.67072650
END	0.000000
Airfoil9b
START	0.000000
6.40776033	3.47214613	3.67072650
6.35924316	3.45968903	3.65618301
6.37242136	3.41069787	3.62356221
6.38717807	3.36211201	3.59141460
6.40336469	3.31389328	3.55969561
6.42087254	3.26601379	3.52837267
6.43963389	3.21845614	3.49742548
6.45962318	3.17121377	3.46684638
6.48085858	3.12429135	3.43664081
6.50340396	3.07770528	3.40682793
6.52737144	3.03148434	3.37744132
6.55292467	2.98567055	3.34853007
6.58028327	2.94032030	3.32015999
6.60972877	2.89550588	3.29241548
6.64161285	2.85131757	3.26540195
6.67636907	2.80786671	3.23924939
6.71423556	2.76521443	3.21402915
6.75526264	2.72337366	3.18975633
6.80025604	2.68255126	3.16667245
6.85027559	2.64301935	3.14509521
6.90674091	2.60514245	3.12545016
6.97167607	2.56944022	3.10834402
7.04825742	2.53672824	3.09472894
7.14231163	2.50850252	3.08635151
7.26819344	2.48844874	3.08751472
7.57238107	2.51417615	3.14212684
END	0.000000
Airfoil10a
START	0.000000
7.65302352	3.16979997	2.29894040
7.88926173	3.32362899	2.42182343
7.94348350	3.40164781	2.47945285
7.96248761	3.46499841	2.52445661
7.96066024	3.51967266	2.56199220
7.94384078	3.56810268	2.59415306
7.91521256	3.61161432	2.62208044
7.87680405	3.65105246	2.64650155
7.83003801	3.68700967	2.66792644
7.77597655	3.71992832	2.68673591
7.71546409	3.75016012	2.70323266
7.64976854	3.77823315	2.71787125
7.57971881	3.80449266	2.73094886
7.50574944	3.82911963	2.74262126
7.42821287	3.85226085	2.75301480
7.34739125	3.87403385	2.76223064
7.26350468	3.89453028	2.77034768
7.17671716	3.91381847	2.77742472
7.08714106	3.93194521	2.78350205
6.99484039	3.94893716	2.78860260
6.89983336	3.96480190	2.79273292
6.80209436	3.97952878	2.79588381
6.70155550	3.99308950	2.79803094
6.59810788	4.00543872	2.79913527
6.49160255	4.01651440	2.79914340
END	0.000000
Airfoil10b
START	0.000000
6.49160255	4.01651440	2.79914340
6.44297920	3.99626269	2.78171173
6.45594671	3.94622833	2.74816993
6.47049620	3.89685286	2.71519527
6.48647872	3.84807426	2.68273436
6.50378537	3.79984716	2.65074816
6.52234826	3.75214328	2.61921232
6.54214177	3.70495197	2.58811766
6.56318412	3.65828079	2.55747072
6.58553932	3.61215642	2.52729444
6.60931973	3.56662566	2.49762910
6.63468937	3.52175680	2.46853351
6.66186832	3.47764154	2.44008657
6.69113874	3.43439737	2.41238942
6.72285307	3.39217109	2.38556842
6.75744584	3.35114369	2.35977936
6.79515568	3.31141456	2.33510778
6.83603302	3.27300470	2.31157176
6.88088537	3.23625043	2.28946079
6.93077486	3.20159415	2.26915566
6.98712424	3.16962842	2.25116643
7.05196198	3.14119811	2.23622031
7.12847141	3.11762908	2.22545853
7.22249193	3.10135345	2.22097455
7.34840971	3.09836309	2.22792586
7.65302352	3.16979997	2.29894040
END	0.000000
Airfoil11a
START	0.000000
7.67398968	3.79213638	1.41805899
7.90648432	3.98600280	1.55288517
7.96042553	4.07720719	1.61499733
7.97981913	4.14854791	1.66304033
7.97877758	4.20813912	1.70276133
7.96302918	4.25927441	1.73649312
7.93569668	4.30374924	1.76550741
7.89876998	4.34270774	1.79061456
7.85364475	4.37695237	1.81238294
7.80136291	4.40708220	1.83123687
7.74275280	4.43357349	1.84751367
7.67905821	4.45714138	1.86171987
7.61109229	4.47825340	1.87418662
7.53928130	4.49715464	1.88508750
7.46397098	4.51404389	1.89456332
7.38543811	4.52908029	1.90272679
7.30389859	4.54238797	1.90966583
7.21951333	4.55405944	1.91544598
7.13239254	4.56415808	1.92011210
7.04259902	4.57271999	1.92368979
6.95015062	4.57975544	1.92618631
6.85502224	4.58524999	1.92759142
6.75714726	4.58916535	1.92787802
6.65641886	4.59144009	1.92700259
6.55269093	4.59199020	1.92490563
END	0.000000
Airfoil11b
START	0.000000
6.55269093	4.59199020	1.92490563
6.50499268	4.56456536	1.90548102
6.51696242	4.51125748	1.87021041
6.53048404	4.45884187	1.83557179
6.54541143	4.40723453	1.80150565
6.56163775	4.35637403	1.76796848
6.57909641	4.30622208	1.73493318
6.59776229	4.25676424	1.70238950
6.61765324	4.20801078	1.67034472
6.63883206	4.15999780	1.63882442
6.66140897	4.11278867	1.60787347
6.68554488	4.06647591	1.57755740
6.71145568	4.02118365	1.54796414
6.73941815	3.97707103	1.51920640
6.76977803	3.93433684	1.49142499
6.80296159	3.89322617	1.46479349
6.83920292	3.85387360	1.43940723
6.87855148	3.81630759	1.41528636
6.92179943	3.78098359	1.39275348
6.96998868	3.74850066	1.37223288
7.02451491	3.71966129	1.35429296
7.08736801	3.69560957	1.33974407
7.16167074	3.67814098	1.32985792
7.25315139	3.67054911	1.32696730
7.37592243	3.68094813	1.33681937
7.67398968	3.79213638	1.41805899
END	0.000000
Airfoil12a
START	0.000000
7.63773569	4.36012399	0.50349338
7.86733451	4.58939583	0.64311069
7.92210524	4.69414518	0.70809118
7.94304916	4.77480117	0.75863047
7.94398428	4.84120575	0.80062771
7.93051940	4.89735383	0.83647735
7.90571212	4.94542321	0.86748475
7.87151079	4.98680162	0.89448169
7.82928200	5.02246242	0.91805158
7.78004592	5.05313222	0.93862995
7.72461359	5.07938871	0.95656304
7.66420287	5.10209930	0.97237078
7.59960993	5.12183108	0.98639307
7.53125215	5.13888132	0.99880809
7.45946804	5.15349114	1.00976035
7.38452863	5.16585357	1.01936557
7.30664529	5.17611918	1.02771398
7.22597559	5.18440017	1.03487285
7.14262743	5.19077342	1.04088824
7.05666230	5.19528272	1.04578641
6.96809770	5.19794051	1.04957482
6.87690901	5.19872929	1.05224297
6.78303105	5.19760261	1.05376303
6.68635919	5.19448597	1.05409032
6.58675038	5.18927746	1.05316379
END	0.000000
Airfoil12b
START	0.000000
6.58675038	5.18927746	1.05316379
6.54004730	5.15601288	1.03322553
6.54981237	5.09722957	0.99579637
6.56109692	5.03952854	0.95901591
6.57375792	4.98280789	0.92282307
6.58769075	4.92699311	0.88717320
6.60283021	4.87203775	0.85203845
6.61915169	4.81792430	0.81740833
6.63667270	4.76466522	0.78329031
6.65545470	4.71230430	0.74971062
6.67560562	4.66091839	0.71671535
6.69728301	4.61061972	0.68437175
6.72069826	4.56155886	0.65277007
6.74612238	4.51392882	0.62202600
6.77389389	4.46797074	0.59228408
6.80443017	4.42398187	0.56372247
6.83796041	4.38212547	0.53643904
6.87453306	4.34243606	0.51045446
6.91492374	4.30546606	0.48609985
6.96015262	4.27194210	0.46381075
7.01158628	4.24283753	0.44417056
7.07117307	4.21954009	0.42801107
7.14197060	4.20422757	0.41663762
7.22958765	4.20089487	0.41244468
7.34784225	4.21938397	0.42133139
7.63773569	4.36012399	0.50349338
END	0.000000
Airfoil13a
START	0.000000
7.54694359	4.86106384	-0.43269306
7.77739952	5.12055973	-0.29709964
7.83495937	5.23890283	-0.23184823
7.85906622	5.32993484	-0.18020702
7.86338540	5.40481214	-0.13661634
7.85346370	5.46806316	-0.09881950
7.83232494	5.52215654	-0.06558626
7.80189596	5.56866537	-0.03613271
7.76352823	5.60869297	-0.00990902
7.71823063	5.64306302	0.01349530
7.66680527	5.67243035	0.03440657
7.61045653	5.69777821	0.05331477
7.54997179	5.71974944	0.07054027
7.48576381	5.73868101	0.08625098
7.41816737	5.75484623	0.10058311
7.34745049	5.76846392	0.11364570
7.27382223	5.77970474	0.12552381
7.19743839	5.78869591	0.13628083
7.11840569	5.79552454	0.14596017
7.03678494	5.80024028	0.15458657
6.95259345	5.80285726	0.16216708
6.86580687	5.80335560	0.16869178
6.77636072	5.80168267	0.17413446
6.68415156	5.79775401	0.17845301
6.58903792	5.79145412	0.18158989
END	0.000000
Airfoil13b
START	0.000000
6.58903792	5.79145412	0.18158989
6.54285095	5.75374697	0.16279893
6.54911371	5.68750879	0.12351346
6.55687918	5.62249742	0.08483937
6.56600588	5.55859736	0.04671908
6.57639035	5.49572416	0.00911051
6.58796812	5.43382516	-0.02801257
6.60071485	5.37288051	-0.06466006
6.61464784	5.31290432	-0.10082493
6.62982790	5.25394624	-0.13648243
6.64636175	5.19609341	-0.17158915
6.66440520	5.13947300	-0.20608170
6.68416731	5.08425572	-0.23987501
6.70591607	5.03066035	-0.27286007
6.72998630	4.97896023	-0.30490064
6.75679074	4.92949232	-0.33582882
6.78655605	4.88244168	-0.36555238
6.81933015	4.83784742	-0.39405182
6.85588009	4.79633576	-0.42101508
6.89721477	4.75873038	-0.44603170
6.94468565	4.72613460	-0.46855182
7.00021956	4.70012150	-0.48779154
7.06684033	4.68315974	-0.50252062
7.15009475	4.67977773	-0.51048237
7.26364814	4.70113188	-0.50611712
7.54694359	4.86106384	-0.43269306
END	0.000000
Airfoil14a
START	0.000000
7.40245168	5.28517615	-1.37465891
7.63770362	5.57021070	-1.25289445
7.69996971	5.70211381	-1.19090442
7.72876545	5.80438812	-1.14047991
7.73776323	5.88913678	-1.09689649
7.73251275	5.96127252	-1.05823648
7.71603938	6.02347348	-1.02345449
7.69027097	6.07744622	-0.99188436
7.65655968	6.12438773	-0.96305885
7.61591494	6.16519157	-0.93662916
7.56913925	6.20056815	-0.91231799
7.51743761	6.23158415	-0.88970896
7.46159784	6.25893697	-0.86852984
7.40203289	6.28299217	-0.84863794
7.33907773	6.30404627	-0.82991751
7.27300050	6.32233663	-0.81227589
7.20401038	6.33804843	-0.79564082
7.13226324	6.35131965	-0.77995841
7.05786588	6.36224482	-0.76519177
6.98087913	6.37087780	-0.75131989
6.90132029	6.37723390	-0.73833678
6.81916502	6.38129158	-0.72625086
6.73434881	6.38299372	-0.71508441
6.64676814	6.38224870	-0.70487320
6.55628148	6.37893122	-0.69566615
END	0.000000
Airfoil14b
START	0.000000
6.55628148	6.37893122	-0.69566615
6.51007053	6.33802412	-0.71163412
6.51166018	6.26264773	-0.75155910
6.51475332	6.18860225	-0.79096457
6.51920839	6.11576240	-0.82989943
6.52492189	6.04403653	-0.86839944
6.53182930	5.97336755	-0.90648690
6.53990628	5.90373391	-0.94417022
6.54917014	5.83515092	-0.98144342
6.55968172	5.76767243	-1.01828548
6.57154779	5.70139298	-1.05465950
6.58492423	5.63645055	-1.09051161
6.60002023	5.57303032	-1.12576954
6.61710393	5.51136964	-1.16034064
6.63651029	5.45176504	-1.19410915
6.65865227	5.39458209	-1.22693238
6.68375667	5.34002155	-1.25873195
6.71187143	5.28812584	-1.28949132
6.74376397	5.23957433	-1.31894529
6.78044374	5.19526060	-1.34674505
6.82326290	5.15638160	-1.37242338
6.87414928	5.12464391	-1.39531412
6.93612827	5.10272568	-1.41437186
7.01474954	5.09553962	-1.42767894
7.12368552	5.11518890	-1.43051093
7.40245168	5.28517615	-1.37465891
END	0.000000
Airfoil15a
START	0.000000
7.20452876	5.62254154	-2.30498260
7.44707471	5.92863128	-2.20769017
7.51536030	6.07387851	-2.15345562
7.54992892	6.18800495	-2.10755217
7.56455374	6.28372323	-2.06657663
7.56482530	6.36619344	-2.02914762
7.55379130	6.43822860	-1.99451209
7.53339376	6.50162121	-1.96219020
7.50499483	6.55762852	-1.93184536
7.46961135	6.60718908	-1.90322633
7.42805176	6.65104909	-1.87613335
7.38152993	6.69032895	-1.85026649
7.33083948	6.72576116	-1.82542965
7.27639640	6.75772970	-1.80152004
7.21853813	6.78654601	-1.77845430
7.15753479	6.81245941	-1.75616566
7.09359710	6.83566441	-1.73460207
7.02688208	6.85630593	-1.71372473
6.95749731	6.87448326	-1.69350706
6.88550407	6.89025298	-1.67393391
6.81091979	6.90363116	-1.65500098
6.73371995	6.91459518	-1.63671432
6.65383956	6.92308505	-1.61909001
6.57117435	6.92900453	-1.60215379
6.48558174	6.93222201	-1.58594090
END	0.000000
Airfoil15b
START	0.000000
6.48558174	6.93222201	-1.58594090
6.43903032	6.88925500	-1.59744326
6.43507095	6.80338094	-1.63578348
6.43262614	6.71890482	-1.67374948
6.43155330	6.63569503	-1.71137648
6.43174817	6.55365533	-1.74869024
6.43314574	6.47272574	-1.78570682
6.43572150	6.39288361	-1.82243229
6.43949288	6.31414504	-1.85886233
6.44452117	6.23656660	-1.89498180
6.45091393	6.16024757	-1.93076413
6.45882820	6.08533290	-1.96617051
6.46847470	6.01201706	-2.00114887
6.48012353	5.94054939	-2.03563248
6.49411213	5.87124133	-2.06953795
6.51085652	5.80447686	-2.10276250
6.53058516	5.74046686	-2.13524968
6.55334632	5.67925588	-2.16698755
6.57991311	5.62155750	-2.19778509
6.61130240	5.56831029	-2.22739104
6.64887631	5.52077149	-2.25546884
6.69457687	5.48073361	-2.28153863
6.75145177	5.45100965	-2.30484735
6.82509158	5.43675972	-2.32401365
6.92926944	5.45069644	-2.33563433
7.20452876	5.62254154	-2.30498260
END	0.000000
Airfoil16a
START	0.000000
6.95458632	5.86295923	-3.20510543
7.20473020	6.18500177	-3.14357319
7.27941163	6.34291154	-3.10253904
7.32014351	6.46906389	-3.06547099
7.34079400	6.57643151	-3.03074892
7.34699223	6.67028006	-2.99771520
7.34180691	6.75348010	-2.96601135
7.32719346	6.82786079	-2.93540893
7.30452341	6.89470511	-2.90574770
7.27482065	6.95497080	-2.87690805
7.23889916	7.00941932	-2.84879490
7.19798121	7.05919400	-2.82126545
7.15286587	7.10504232	-2.79422636
7.10397203	7.14735611	-2.76762868
7.05163943	7.18645320	-2.74143272
6.99614007	7.22258800	-2.71560672
6.93768612	7.25595898	-2.69012589
6.87643568	7.28671404	-2.66497174
6.81249707	7.31495452	-2.64013164
6.74593199	7.34073812	-2.61559837
6.67675801	7.36408126	-2.59136989
6.60495042	7.38496086	-2.56744907
6.53044379	7.40331570	-2.54384356
6.45313314	7.41904756	-2.52056562
6.37287488	7.43202215	-2.49763203
END	0.000000
Airfoil16b
START	0.000000
6.37287488	7.43202215	-2.49763203
6.32600234	7.38817619	-2.50310784
6.31609086	7.29085416	-2.53657535
6.30770440	7.19495867	-2.56986470
6.30069936	7.10035541	-2.60299267
6.29497078	7.00694618	-2.63597151
6.29045320	6.91466975	-2.66880889
6.28712193	6.82350305	-2.70150768
6.28499454	6.73346248	-2.73406582
6.28413272	6.64460576	-2.76647612
6.28464479	6.55703422	-2.79872592
6.28668886	6.47089577	-2.83079674
6.29047710	6.38638886	-2.86266380
6.29628150	6.30376792	-2.89429533
6.30444181	6.22335077	-2.92565163
6.31537691	6.14552924	-2.95668378
6.32931684	6.07051853	-2.98736489
6.34631023	5.99836410	-3.01768928
6.36713549	5.92979412	-3.04756602
6.39281651	5.86576637	-3.07687550
6.42472482	5.80756380	-3.10545748
6.46481584	5.75701559	-3.13308354
6.51615829	5.71699229	-3.15939516
6.58438129	5.69275956	-3.18373475
6.68335300	5.69729009	-3.20448217
6.95458632	5.86295923	-3.20510543
END	0.000000
Airfoil17a
START	0.000000
6.65639421	5.99746444	-4.05552862
6.91199906	6.32869713	-4.04109126
6.99230355	6.49767961	-4.01948469
7.03868985	6.63526893	-3.99649097
7.06501332	6.75428897	-3.97267674
7.07689787	6.85994500	-3.94827201
7.07740939	6.95507466	-3.92340216
7.06850149	7.04148613	-3.89814709
7.05154444	7.12044765	-3.87256283
7.02756116	7.19290602	-3.84669122
6.99736491	7.25961393	-3.82056553
6.96217681	7.32170161	-3.79423568
6.92279520	7.37990797	-3.76773433
6.87963857	7.43462033	-3.74107859
6.83304638	7.48615288	-3.71428235
6.78329034	7.53475713	-3.68735672
6.73058243	7.58062925	-3.66031037
6.67508062	7.62391547	-3.63314976
6.61689313	7.66471594	-3.60587931
6.55608160	7.70308771	-3.57850155
6.49266357	7.73904702	-3.55101719
6.42661436	7.77257104	-3.52342522
6.35786862	7.80359925	-3.49572297
6.28632143	7.83203458	-3.46790616
6.21182936	7.85774426	-3.43996890
END	0.000000
Airfoil17b
START	0.000000
6.21182936	7.85774426	-3.43996890
6.16500012	7.81440120	-3.43805374
6.14940575	7.70531153	-3.46230675
6.13533498	7.59763203	-3.48662207
6.12264437	7.49122994	-3.51099383
6.11122903	7.38600819	-3.53541775
6.10102357	7.28190625	-3.55989115
6.09200333	7.17890130	-3.58441302
6.08418585	7.07700957	-3.60898408
6.07763278	6.97628812	-3.63360685
6.07245232	6.87683711	-3.65828576
6.06880246	6.77880273	-3.68302726
6.06689515	6.68238119	-3.70784003
6.06700213	6.58782399	-3.73273517
6.06946285	6.49544531	-3.75772658
6.07469580	6.40563247	-3.78283136
6.08293081	6.31859821	-3.80805891
6.09421644	6.23438747	-3.83341123
6.10933042	6.15372007	-3.85892011
6.12929566	6.07754280	-3.88462739
6.15548244	6.00712390	-3.91058911
6.18984438	5.94427156	-3.93688517
6.23544734	5.89182342	-3.96364096
6.29791527	5.85498473	-3.99108646
6.39110350	5.84657939	-4.01978833
6.65639421	5.99746444	-4.05552862
END	0.000000
Airfoil18a
START	0.000000
6.31658357	6.02070151	-4.83710730
6.57326919	6.35161843	-4.87981360
6.65719791	6.52859454	-4.88414155
6.70770056	6.67578523	-4.88104383
6.73843146	6.80535766	-4.87355376
6.75493295	6.92225049	-4.86290260
6.76022642	7.02915603	-4.84976155
6.75623714	7.12778987	-4.83455831
6.74431549	7.21935531	-4.81759288
6.72546956	7.30475064	-4.79908921
6.70050080	7.38469002	-4.77922534
6.67061262	7.46024579	-4.75826860
6.63659177	7.53211900	-4.73639378
6.59885068	7.60067716	-4.71369251
6.55772386	7.66621836	-4.69023908
6.51347911	7.72898123	-4.66609300
6.46632532	7.78915189	-4.64130067
6.41641817	7.84686908	-4.61589667
6.36386429	7.90222782	-4.58990470
6.30872445	7.95528225	-4.56333825
6.25101593	8.00604777	-4.53620116
6.19071441	8.05450272	-4.50848803
6.12775548	8.10058968	-4.48018455
6.06203575	8.14421654	-4.45126776
5.99341386	8.18525735	-4.42170624
END	0.000000
Airfoil18b
START	0.000000
5.99341386	8.18525735	-4.42170624
5.94726408	8.14413404	-4.41145396
5.92710660	8.02398342	-4.42129293
5.90845061	7.90517076	-4.43146547
5.89115476	7.78757008	-4.44194016
5.87511567	7.67108929	-4.45269405
5.86026891	7.55567097	-4.46371281
5.84659018	7.44129345	-4.47499106
5.83409675	7.32797214	-4.48653262
5.82284939	7.21576118	-4.49835100
5.81295473	7.10475559	-4.51046989
5.80456844	6.99509409	-4.52292386
5.79789944	6.88696282	-4.53575933
5.79321550	6.78060041	-4.54903579
5.79085115	6.67630496	-4.56282755
5.79121880	6.57444394	-4.57722623
5.79454495	6.47521919	-4.59228215
5.80087747	6.37867337	-4.60800594
5.81098278	6.28548942	-4.62456787
5.82586898	6.19656564	-4.64219188
5.84688645	6.11310533	-4.66117796
5.87596045	6.03682407	-4.68195383
5.91611239	5.97041416	-4.70519068
5.97288459	5.91881430	-4.73211976
6.05993137	5.89419162	-4.76577441
6.31658357	6.02070151	-4.83710730
END	0.000000
Airfoil19a
START	0.000000
5.94385500	5.93313024	-5.53458827
6.19584774	6.25080390	-5.64091021
6.28037694	6.43065660	-5.67692493
6.33250426	6.58384285	-5.69933618
6.36546565	6.72125573	-5.71370088
6.38463362	6.84731674	-5.72227461
6.39293699	6.96443629	-5.72628699
6.39224204	7.07415031	-5.72652155
6.38385777	7.17753608	-5.72352786
6.36876139	7.27539785	-5.71771618
6.34772978	7.36837498	-5.70941268
6.32192949	7.45742753	-5.69910711
6.29212316	7.54318315	-5.68711967
6.25871056	7.62597084	-5.67361819
6.22201599	7.70605750	-5.65873881
6.18229902	7.78365675	-5.64259052
6.13976214	7.85893524	-5.62525834
6.09455626	7.93201717	-5.60680561
6.04678476	8.00298762	-5.58727574
5.99650653	8.07189505	-5.56669346
5.94373833	8.13875326	-5.54506579
5.88845658	8.20354284	-5.52238285
5.83059883	8.26621240	-5.49861841
5.77006488	8.32667947	-5.47373041
5.70671771	8.38483128	-5.44766131
END	0.000000
Airfoil19b
START	0.000000
5.70671771	8.38483128	-5.44766131
5.66198197	8.34801418	-5.42887965
5.63927003	8.21903651	-5.41881803
5.61801358	8.09125669	-5.40936748
5.59807558	7.96456195	-5.40047047
5.57935584	7.83886982	-5.39208492
5.56179190	7.71412891	-5.38418462
5.54536019	7.59031981	-5.37675968
5.53007747	7.46745633	-5.36981712
5.51600264	7.34558691	-5.36338167
5.50323906	7.22479665	-5.35749673
5.49193764	7.10520974	-5.35222567
5.48230088	6.98699282	-5.34765348
5.47458836	6.87035953	-5.34388916
5.46912435	6.75557676	-5.34106885
5.46630864	6.64297350	-5.33936039
5.46636079	6.53273046	-5.33885596
5.46932717	6.42488582	-5.33957503
5.47595076	6.32005102	-5.34182952
5.48720874	6.21903028	-5.34602970
5.50441012	6.12290091	-5.35272514
5.52942119	6.03319883	-5.36269935
5.56517075	5.95233444	-5.37718198
5.61703132	5.88472926	-5.39842859
5.69823885	5.84127636	-5.43199610
5.94385500	5.93313024	-5.53458827
END	0.000000
Airfoil20a
START	0.000000
5.54605239	5.74080308	-6.14236270
5.78789123	6.02946679	-6.31227921
5.86963656	6.20496197	-6.38341751
5.92040602	6.35856061	-6.43544361
5.95285304	6.49920730	-6.47616470
5.97211369	6.63053267	-6.50874976
5.98098789	6.75451595	-6.53492635
5.98125978	6.87241835	-6.55579528
5.97418076	6.98512446	-6.57212868
5.96068502	7.09329466	-6.58450295
5.94151527	7.19745395	-6.59337633
5.91778669	7.29839066	-6.59943690
5.89022839	7.39662017	-6.60313452
5.85922254	7.49241264	-6.60470498
5.82507914	7.58598721	-6.60433958
5.78804636	7.67751930	-6.60219141
5.74831778	7.76714576	-6.59837993
5.70603766	7.85496856	-6.59299414
5.66130484	7.94105757	-6.58609502
5.61417560	8.02545257	-6.57771731
5.56466597	8.10816490	-6.56787089
5.51275342	8.18917863	-6.55654186
5.45837824	8.26845155	-6.54369338
5.40144463	8.34591594	-6.52926634
5.34182161	8.42147922	-6.51317993
END	0.000000
Airfoil20b
START	0.000000
5.34182161	8.42147922	-6.51317993
5.29905469	8.39124770	-6.48679260
5.27640604	8.25752739	-6.45211714
5.25514882	8.12479066	-6.41830019
5.23515204	7.99294493	-6.38526093
5.21631990	7.86192247	-6.35294026
5.19859269	7.73168107	-6.32130134
5.18194788	7.60220482	-6.29033026
5.16640149	7.47350503	-6.26003691
5.15200983	7.34562150	-6.23045604
5.13887172	7.21862409	-6.20164860
5.12713142	7.09261478	-6.17370362
5.11698252	6.96773042	-6.14674054
5.10867317	6.84414642	-6.12091246
5.10251338	6.72208192	-6.09641068
5.09888533	6.60180709	-6.07347098
5.09799892	6.48347029	-6.05222289
5.09989850	6.36710288	-6.03269376
5.10529433	6.25320694	-6.01532182
5.11512059	6.14244282	-6.00068348
5.13062869	6.03569514	-5.98955085
5.15360276	5.93422509	-5.98302475
5.18684274	5.84001189	-5.98283274
5.23548468	5.75668621	-5.99214379
5.31218202	5.69319260	-6.01876512
5.54605239	5.74080308	-6.14236270
END	0.000000
Airfoil21a
START	0.000000
5.12549550	5.45011969	-6.66921008
5.35426338	5.69371328	-6.89405212
5.43057765	5.85640651	-6.99990471
5.47739426	6.00344665	-7.08273450
5.50676280	6.14122787	-7.15194613
5.52357425	6.27234559	-7.21135700
5.53049490	6.39821471	-7.26304814
5.52922376	6.51973681	-7.30834562
5.52095250	6.63754426	-7.34817954
5.50657074	6.75210913	-7.38324424
5.48678574	6.86380675	-7.41409172
5.46265948	6.97320065	-7.44155087
5.43488624	7.08065926	-7.46616356
5.40382997	7.18637571	-7.48821387
5.36978590	7.29050667	-7.50793220
5.33299032	7.39317753	-7.52550300
5.29362759	7.49448611	-7.54107014
5.25183508	7.59450532	-7.55474085
5.20770691	7.69328510	-7.56658859
5.16129670	7.79085389	-7.57665520
5.11261968	7.88721980	-7.58495258
5.06165442	7.98237143	-7.59146399
5.00834404	8.07627862	-7.59614505
4.95259734	8.16889295	-7.59892457
4.89428956	8.26014824	-7.59970517
END	0.000000
Airfoil21b
START	0.000000
4.89428956	8.26014824	-7.59970517
4.85356354	8.23853675	-7.56791867
4.83352577	8.10570696	-7.50598967
4.81481304	7.97358030	-7.44509485
4.79730059	7.84209059	-7.38513685
4.78089720	7.71118940	-7.32604447
4.76554601	7.58084657	-7.26777333
4.75122558	7.45105071	-7.21030668
4.73795115	7.32180992	-7.15365644
4.72577633	7.19315266	-7.09786444
4.71479525	7.06512884	-7.04300415
4.70514527	6.93781139	-6.98918277
4.69701074	6.81129812	-6.93654421
4.69062798	6.68571444	-6.88527289
4.68629220	6.56121700	-6.83559923
4.68436735	6.43799892	-6.78780728
4.68505330	6.31616629	-6.74205306
4.68839228	6.19574150	-6.69836953
4.69506067	6.07708348	-6.65728458
4.70594807	5.96066430	-6.61949254
4.72224615	5.84711634	-6.58592353
4.74565392	5.73734117	-6.55790361
4.77883769	5.63275368	-6.53751381
4.82668843	5.53594931	-6.52857152
4.90125572	5.45332222	-6.54048140
5.12549550	5.45011969	-6.66921008
END	0.000000
Airfoil22a
START	0.000000
4.67573621	5.05885343	-7.13643204
4.89267395	5.24483499	-7.39930886
4.96268912	5.38690464	-7.53512429
5.00427682	5.52047794	-7.64635511
5.02904946	5.64902558	-7.74304396
5.04172058	5.77395635	-7.82926719
5.04485974	5.89603823	-7.90724700
5.04010431	6.01576059	-7.97839942
5.02860273	6.13346667	-8.04371764
5.01121234	6.24941271	-8.10394311
4.98861473	6.36380244	-8.15966529
4.96183337	6.47694172	-8.21176926
4.93153734	6.58903056	-8.26083370
4.89807739	6.70017377	-8.30716192
4.86173803	6.81045638	-8.35099996
4.82274700	6.91994647	-8.39254479
4.78128194	7.02869713	-8.43195004
4.73747527	7.13674793	-8.46933022
4.69141767	7.24412598	-8.50476375
4.64316082	7.35084671	-8.53829532
4.59271941	7.45691454	-8.56993765
4.54007276	7.56232326	-8.59967286
4.48516609	7.66705652	-8.62745354
4.42791148	7.77108802	-8.65320369
4.36818871	7.87438185	-8.67681932
END	0.000000
Airfoil22b
START	0.000000
4.36818871	7.87438185	-8.67681932
4.32894023	7.86265134	-8.64287651
4.31315984	7.73679128	-8.55396433
4.29865641	7.61131288	-8.46615649
4.28530972	7.48618020	-8.37934901
4.27303185	7.36136696	-8.29346588
4.26176802	7.23685680	-8.20845970
4.25149754	7.11264353	-8.12431259
4.24223511	6.98873154	-8.04103727
4.23403240	6.86513628	-7.95867841
4.22698012	6.74188486	-7.87731446
4.22121065	6.61901684	-7.79705990
4.21690165	6.49658533	-7.71806840
4.21428086	6.37465838	-7.64053689
4.21363279	6.25332104	-7.56471142
4.21530818	6.13267812	-7.49089532
4.21949965	6.01278721	-7.41925517
4.22624790	5.89366046	-7.34982618
4.23620476	5.77549270	-7.28317206
4.25022757	5.65854016	-7.22003424
4.26946476	5.54314608	-7.16140592
4.29555370	5.42979984	-7.10870312
4.33106397	5.31926943	-7.06414806
4.38070908	5.21296361	-7.03181707
4.45610146	5.11435308	-7.02175281
4.67573621	5.05885343	-7.13643204
END	0.000000
Airfoil23a
START	0.000000
4.18329108	4.55052618	-7.56835379
4.39370214	4.67270579	-7.84740604
4.45866041	4.78872317	-8.00511537
4.49547560	4.90354826	-8.13934654
4.51564394	5.01766808	-8.25969020
4.52383183	5.13128034	-8.37003924
4.52258312	5.24449282	-8.47251588
4.51351878	5.35737418	-8.56847239
4.49777579	5.46997259	-8.65885727
4.47620290	5.58232402	-8.74437861
4.44947488	5.69445704	-8.82559932
4.41860496	5.80641459	-8.90336467
4.38425554	5.91822473	-8.97822728
4.34677385	6.02990217	-9.05047682
4.30644155	6.14145884	-9.12034825
4.26348410	6.25290429	-9.18802968
4.21807738	6.36424598	-9.25366782
4.17035248	6.47548945	-9.31737203
4.12039916	6.58663852	-9.37921720
4.06826858	6.69769534	-9.43924601
4.01397531	6.80866055	-9.49747060
3.95749886	6.91953326	-9.55387390
3.89878499	7.03031117	-9.60841065
3.83774668	7.14099062	-9.66100824
3.77426489	7.25156654	-9.71156739
END	0.000000
Airfoil23b
START	0.000000
3.77426489	7.25156654	-9.71156739
3.73540905	7.24992038	-9.67915219
3.72414300	7.13617771	-9.56623521
3.71414114	7.02248860	-9.45437286
3.70528444	6.90884800	-9.34346586
3.69748587	6.79525223	-9.23344160
3.69069119	6.68169899	-9.12425482
3.68487992	6.56818741	-9.01588845
3.68006663	6.45471811	-8.90835463
3.67630246	6.34129326	-8.80169604
3.67367719	6.22791667	-8.69598757
3.67232191	6.11459387	-8.59133857
3.67241249	6.00133233	-8.48789577
3.67417440	5.88814160	-8.38584727
3.67788929	5.77503360	-8.28542802
3.68390438	5.66202306	-8.18692771
3.69241039	5.54911805	-8.09050542
3.70344761	5.43632027	-7.99619478
3.71766134	5.32365707	-7.90453412
3.73590034	5.21116440	-7.81623150
3.75930156	5.09889043	-7.73223544
3.78948598	4.98690384	-7.65389821
3.82899748	4.87531240	-7.58334203
3.88250242	4.76431380	-7.52445977
3.96149706	4.65439509	-7.48684211
4.18329108	4.55052618	-7.56835379
END	0.000000
Airfoil24a
START	0.000000
3.63320302	3.89727914	-7.98250980
3.84486668	3.95603512	-8.25496331
3.90762066	4.04363466	-8.42500571
3.94156268	4.13681503	-8.57523299
3.95846223	4.23329650	-8.71373948
3.96309658	4.33215371	-8.84381070
3.95807006	4.43288222	-8.96723776
3.94504217	4.53516058	-9.08516196
3.92517689	4.63876333	-9.19838382
3.89934315	4.74352216	-9.30750093
3.86823177	4.84930327	-9.41298839
3.83288004	4.95590572	-9.51555960
3.79396611	5.06319816	-9.61568095
3.75184548	5.17111173	-9.71359692
3.70680649	5.27959059	-9.80950581
3.65907996	5.38859002	-9.90356638
3.60884595	5.49807514	-9.99590246
3.55623865	5.60801997	-10.08660633
3.50134998	5.71840669	-10.17574121
3.44423231	5.82922517	-10.26334312
3.38490054	5.94047251	-10.34942230
3.32333371	6.05215278	-10.43396434
3.25947628	6.16427674	-10.51693105
3.19323916	6.27686164	-10.59826115
3.12450050	6.38993108	-10.67787084
END	0.000000
Airfoil24b
START	0.000000
3.12450050	6.38993108	-10.67787084
3.08472119	6.39763627	-10.65051303
3.07693552	6.29938946	-10.51827452
3.07044407	6.20089196	-10.38692610
3.06512501	6.10216737	-10.25638397
3.06088923	6.00323296	-10.12658685
3.05768120	5.90409947	-9.99749656
3.05547995	5.80477097	-9.86909868
3.05430039	5.70524457	-9.74140345
3.05419489	5.60551012	-9.61444690
3.05525537	5.50554983	-9.48829223
3.05761601	5.40533770	-9.36303174
3.06145688	5.30483885	-9.23878925
3.06700879	5.20400857	-9.11572353
3.07456010	5.10279102	-8.99403286
3.08446629	5.00111732	-8.87396174
3.09692259	4.89894968	-8.75564444
3.11197026	4.79628009	-8.63910932
3.13026993	4.69298060	-8.52481073
3.15269053	4.58888288	-8.41334627
3.18039605	4.48376149	-8.30551646
3.21504599	4.37729497	-8.20246260
3.25924468	4.26897888	-8.10597579
3.31776938	4.15788787	-8.01934155
3.40238958	4.04174220	-7.95065423
3.63320302	3.89727914	-7.98250980
END	0.000000
GuideCurve1
START	0.000000
5.33156970	-0.91006656	9.24867727
5.79166407	-0.85194654	8.52965836
6.18063028	-0.63837221	7.79116169
6.51020135	-0.30321440	7.04297616
6.79335812	0.13002047	6.28627213
7.04000490	0.64420380	5.52031264
7.25504152	1.22474870	4.74383972
7.43593767	1.85561500	3.95361397
7.57238107	2.51417615	3.14212684
7.65302352	3.16979997	2.29894040
7.67398968	3.79213638	1.41805899
7.63773569	4.36012399	0.50349338
7.54694359	4.86106384	-0.43269306
7.40245168	5.28517615	-1.37465891
7.20452876	5.62254154	-2.30498260
6.95458632	5.86295923	-3.20510543
6.65639421	5.99746444	-4.05552862
6.31658357	6.02070151	-4.83710730
5.94385500	5.93313024	-5.53458827
5.54605239	5.74080308	-6.14236270
5.12549550	5.45011969	-6.66921008
4.67573621	5.05885343	-7.13643204
4.18329108	4.55052618	-7.56835379
3.63320302	3.89727914	-7.98250980
END	0.000000
GuideCurve2
START	0.000000
4.69279204	0.87908525	8.76959403
4.95935819	0.94627288	8.42056428
5.23536719	1.09686463	7.97615439
5.50673712	1.33451402	7.43682786
5.75835015	1.65286426	6.81126757
5.97810385	2.03949540	6.10992706
6.15863292	2.47960699	5.34369069
6.29952819	2.95969180	4.52517218
6.40776033	3.47214613	3.67072650
6.49160255	4.01651440	2.79914340
6.55269093	4.59199020	1.92490563
6.58675038	5.18927746	1.05316379
6.58903792	5.79145412	0.18158989
6.55628148	6.37893122	-0.69566615
6.48558174	6.93222201	-1.58594090
6.37287488	7.43202215	-2.49763203
6.21182936	7.85774426	-3.43996890
5.99341386	8.18525735	-4.42170624
5.70671771	8.38483128	-5.44766131
5.34182161	8.42147922	-6.51317993
4.89428956	8.26014824	-7.59970517
4.36818871	7.87438185	-8.67681932
3.77426489	7.25156654	-9.71156739
3.12450050	6.38993108	-10.67787084
END	0.000000
HubRadius 6.25
Blades 3
